0	297
0	344
0	392
0	402
2	356
3	185
3	356
4	224
4	350
5	61
5	116
6	351
6	411
7	22
7	171
7	178
7	190
7	198
7	286
7	314
7	316
7	321
7	387
7	437
7	500
7	526
7	531
8	59
8	113
8	172
8	187
8	188
8	234
8	291
8	496
9	108
10	94
10	308
10	525
10	527
10	1359
12	16
12	197
12	244
12	456
12	516
13	215
13	317
13	965
14	123
14	145
14	1263
14	1572
15	31
15	538
16	331
16	821
16	1338
17	527
17	780
17	1818
18	61
19	419
19	435
19	1124
19	1213
20	231
20	279
20	307
21	170
21	209
21	481
21	795
21	1585
22	184
23	481
24	184
24	1198
25	26
25	398
25	402
25	403
27	525
27	740
27	1198
27	1360
27	1390
27	1666
31	69
31	85
31	256
31	383
31	509
31	628
31	629
31	1208
31	1211
31	1226
31	1713
32	65
32	486
33	356
33	358
33	1019
34	611
35	509
35	1260
35	1713
35	1872
36	414
36	459
37	1786
38	439
38	1189
38	1625
39	123
39	263
39	599
39	1290
39	1343
40	681
41	223
41	392
41	402
41	681
41	1019
42	409
42	616
42	618
42	1204
43	176
44	236
44	242
44	664
44	1693
44	1726
44	1791
45	114
45	155
45	520
45	1079
46	354
46	416
47	524
48	513
49	1145
49	1284
49	1301
49	1393
51	189
51	1063
51	1399
52	471
52	480
52	656
52	1354
52	1704
53	152
53	525
53	527
53	547
54	527
55	138
55	184
55	251
55	376
55	471
55	613
55	779
55	1081
55	1361
55	1619
55	1666
56	246
57	118
57	158
57	343
57	543
57	1871
58	317
58	1545
60	462
61	116
61	669
61	699
61	864
61	945
61	1083
61	1269
62	215
62	306
62	339
62	392
62	402
62	1651
63	183
63	273
64	280
64	1422
65	86
65	185
65	271
65	483
65	539
65	540
66	310
67	482
68	525
68	527
69	93
70	317
70	349
71	439
71	1375
71	1881
72	538
72	1129
72	1134
72	1217
72	1269
72	1305
72	1797
72	1870
73	196
73	537
73	1128
74	241
74	1875
75	1335
75	1336
75	1624
75	1801
76	95
76	215
76	339
76	344
76	402
77	527
77	547
78	182
78	1698
79	425
80	81
80	184
80	362
80	633
80	899
80	1363
81	184
81	221
81	362
81	633
81	899
82	333
82	355
82	456
82	478
82	626
82	681
82	744
82	904
82	1166
82	1332
83	254
84	527
85	102
85	1208
85	1507
86	486
87	339
87	402
87	453
88	310
88	486
89	824
89	1377
89	1521
90	423
90	515
90	1284
90	1402
91	94
91	525
91	527
91	1673
92	287
93	1546
94	525
94	527
94	1555
94	1673
95	215
95	402
96	333
96	456
96	478
97	287
97	434
97	435
98	771
98	1494
99	466
100	120
100	179
100	690
100	762
100	878
100	962
100	988
100	1034
100	1076
100	1519
100	1557
100	1736
101	102
101	300
101	528
102	300
102	528
102	1208
102	1211
103	1644
104	235
105	168
105	169
105	285
105	584
105	894
105	924
105	1080
106	137
106	151
106	246
106	265
107	123
107	852
107	1070
107	1155
107	1567
107	1570
107	1590
107	1762
108	308
108	527
109	155
109	334
109	1158
109	1189
111	459
112	262
112	1069
112	1116
113	969
114	215
114	527
116	373
117	173
117	227
117	311
117	377
118	138
118	158
118	271
118	286
118	521
118	543
118	632
118	645
118	710
118	721
118	900
118	1012
118	1083
118	1149
118	1213
118	1422
119	140
119	426
120	1451
120	1519
120	1866
121	485
121	504
121	538
121	697
121	794
121	1607
122	130
123	131
123	144
123	145
123	162
123	174
123	213
123	225
123	288
123	293
123	305
123	325
123	430
123	446
123	469
123	489
123	505
123	511
123	524
123	536
123	545
123	564
123	576
123	640
123	662
123	680
123	759
123	760
123	764
123	768
123	769
123	778
123	781
123	785
123	788
123	800
123	804
123	818
123	839
123	840
123	841
123	852
123	853
123	873
123	876
123	890
123	897
123	911
123	913
123	936
123	957
123	966
123	983
123	986
123	1017
123	1023
123	1048
123	1070
123	1074
123	1078
123	1088
123	1097
123	1098
123	1099
123	1112
123	1115
123	1128
123	1159
123	1179
123	1187
123	1191
123	1193
123	1195
123	1210
123	1212
123	1223
123	1227
123	1265
123	1266
123	1272
123	1289
123	1343
123	1366
123	1387
123	1433
123	1457
123	1483
123	1520
123	1521
123	1537
123	1540
123	1541
123	1542
123	1558
123	1567
123	1570
123	1574
123	1584
123	1590
123	1597
123	1611
123	1644
123	1646
123	1670
123	1709
123	1759
123	1762
123	1781
123	1784
123	1789
123	1813
123	1852
123	1865
124	521
125	332
125	777
126	392
126	393
126	398
126	1019
127	1245
127	1813
128	156
129	180
129	310
130	215
130	392
130	402
130	403
130	408
130	965
130	1734
131	364
131	366
131	1681
132	527
133	277
133	535
134	310
134	641
134	1377
134	1535
135	210
136	241
136	434
136	435
137	254
138	376
138	543
139	330
139	385
140	309
140	312
141	236
141	242
141	284
142	215
142	403
142	420
142	527
143	336
144	288
144	1472
144	1857
145	215
145	288
145	325
146	147
146	303
146	370
146	498
147	303
150	456
151	254
151	308
151	1213
151	1402
152	153
152	308
152	527
152	547
153	425
153	522
153	527
153	1154
153	1682
153	1843
154	717
154	724
154	1043
154	1334
155	392
155	460
155	519
155	1019
156	409
157	356
157	358
158	343
159	349
159	493
159	1662
160	527
161	349
162	293
162	536
162	929
162	983
162	1191
162	1231
162	1789
164	414
164	459
165	310
165	486
166	425
166	1121
166	1279
167	440
168	216
168	317
168	349
168	584
168	924
168	1080
168	1613
169	285
169	308
169	894
169	895
170	209
170	354
171	198
171	437
172	527
173	310
173	887
173	1132
174	240
175	392
175	402
175	965
176	1845
177	541
179	402
179	530
181	879
181	1389
181	1572
182	290
182	302
184	221
184	308
184	362
184	363
184	410
184	417
184	455
184	500
185	351
185	610
185	658
185	1052
186	215
186	400
186	488
187	1862
189	304
189	405
189	544
190	198
190	314
190	387
190	531
190	767
191	232
191	415
192	302
192	1068
192	1786
193	1394
196	537
197	244
197	333
197	516
198	437
198	1438
199	1444
200	375
200	643
200	1084
201	272
202	338
203	250
203	341
203	1403
203	1482
203	1776
204	215
204	392
205	236
205	237
205	1339
206	338
207	334
208	402
208	527
208	1467
209	354
209	795
210	1380
211	456
212	1431
212	1662
213	1295
214	283
214	409
215	339
215	340
215	348
215	365
215	393
215	401
215	402
215	403
215	420
215	453
215	570
215	951
215	1005
215	1176
215	1696
215	1728
216	317
216	860
217	319
217	572
217	926
218	297
218	392
220	307
220	349
220	815
221	308
221	1021
221	1346
222	297
222	392
222	402
223	392
223	393
223	402
223	681
224	1016
226	384
226	565
226	952
227	369
227	866
227	1186
227	1221
228	527
229	301
229	368
230	307
230	322
230	486
230	693
230	814
230	1153
230	1606
230	1624
230	1695
231	888
233	403
233	830
233	1375
233	1524
233	1602
234	681
234	1153
235	927
235	1720
236	237
236	238
236	242
236	284
237	238
238	664
239	527
239	1824
241	548
242	284
243	337
243	348
243	402
243	403
245	307
245	418
246	265
247	250
247	359
247	1082
248	249
248	501
249	501
250	341
250	359
250	513
250	1267
250	1368
250	1403
250	1419
250	1776
251	444
251	1580
251	1665
252	866
253	527
254	255
254	308
254	472
254	514
254	546
255	514
257	308
257	527
258	409
258	525
258	756
258	1453
259	370
260	566
260	1090
260	1464
261	571
261	742
261	925
261	941
261	1320
261	1615
261	1658
261	1690
261	1745
261	1746
261	1749
262	494
264	527
264	1534
266	267
266	268
266	421
267	421
267	1480
267	1794
268	421
269	318
269	392
269	402
270	435
270	527
271	1750
274	392
275	397
275	457
275	497
276	444
277	535
278	310
278	486
278	1631
279	860
280	451
281	402
282	435
282	525
282	527
284	410
284	1363
285	308
285	317
285	894
287	434
289	349
290	302
291	308
291	872
292	320
292	410
292	1718
293	294
294	1600
294	1605
295	372
295	906
295	1249
295	1323
295	1702
296	533
296	906
296	1124
296	1800
297	402
298	372
298	1026
298	1120
298	1334
298	1558
298	1800
298	1808
299	392
299	488
300	1208
300	1347
300	1752
301	368
302	1068
302	1238
303	1806
305	1187
305	1193
306	402
307	596
307	737
307	889
307	1041
307	1069
307	1101
307	1489
307	1652
307	1697
308	335
308	348
308	379
308	399
308	417
308	479
308	493
308	494
308	584
308	645
308	665
308	672
308	894
308	895
308	924
308	981
308	1043
308	1080
308	1102
308	1348
308	1391
308	1407
308	1425
308	1573
308	1603
308	1684
308	1707
308	1851
308	1873
309	312
309	426
310	378
310	389
310	452
310	464
310	484
310	486
310	808
310	841
310	887
310	895
310	1094
310	1095
310	1132
310	1149
310	1197
310	1265
310	1428
310	1496
310	1736
310	1784
311	1126
311	1496
312	426
313	425
313	1725
314	531
317	433
317	502
318	400
323	392
323	393
324	1027
324	1049
326	403
326	1076
327	461
327	672
327	1785
328	392
328	1859
329	373
330	385
331	405
331	478
331	904
331	1239
331	1471
331	1712
331	1846
333	456
336	1153
336	1800
337	348
337	401
338	341
338	407
339	340
339	402
339	403
339	1651
339	1864
340	392
340	402
340	403
341	359
341	513
341	1408
341	1419
342	357
342	1208
342	1659
344	443
344	726
344	1145
345	392
345	403
345	463
346	392
346	1019
347	494
348	402
348	403
348	525
348	1154
348	1681
348	1851
349	361
349	402
349	404
349	441
351	391
351	411
352	457
352	458
352	1100
353	503
353	1294
353	1662
353	1755
353	1787
354	795
354	891
354	1117
354	1585
356	358
357	1659
358	402
358	825
358	1233
358	1616
358	1688
360	364
360	1337
360	1668
361	1631
363	898
363	899
364	366
365	402
365	527
365	1771
366	1276
366	1304
366	1427
366	1670
369	475
371	435
374	454
376	543
377	749
377	750
377	878
377	1608
378	811
378	1014
379	527
380	527
380	1162
380	1384
380	1855
382	491
382	1530
383	549
385	842
385	1013
385	1169
387	531
388	527
390	392
390	402
390	1310
391	1549
391	1725
392	393
392	398
392	408
392	429
392	443
392	453
392	460
392	465
392	477
392	488
392	490
392	507
392	519
392	529
393	402
394	395
394	439
394	1639
395	439
395	1639
395	1643
396	397
397	786
397	1086
397	1361
397	1429
397	1853
398	965
399	525
399	527
400	477
400	823
400	1333
400	1417
400	1421
401	402
401	519
401	1297
402	403
402	408
402	429
402	443
402	460
402	477
402	490
402	519
402	598
402	624
402	640
402	705
402	845
402	922
402	963
402	965
402	1005
402	1006
402	1077
402	1079
402	1107
402	1222
402	1233
402	1263
402	1391
402	1484
402	1704
402	1724
402	1734
402	1831
402	1864
403	420
403	477
403	488
403	517
403	1010
403	1019
403	1078
403	1152
403	1734
403	1851
405	502
405	544
405	715
405	755
405	821
405	886
405	888
405	1017
405	1064
405	1207
405	1399
405	1471
406	446
406	527
406	623
408	519
408	624
408	965
408	1734
409	432
409	510
409	515
409	594
409	608
409	618
409	707
409	741
409	836
409	867
409	877
409	967
409	1066
409	1205
409	1268
409	1277
409	1353
409	1359
409	1779
410	1050
410	1429
410	1853
411	775
411	936
412	435
412	493
412	527
413	414
413	844
413	846
413	1047
415	580
415	1048
415	1265
416	459
416	891
416	1653
416	1672
416	1792
417	455
418	641
418	737
418	889
418	1593
420	527
422	775
422	832
427	527
428	525
428	527
428	731
429	435
429	1233
430	769
430	1625
433	582
433	733
433	914
434	435
434	482
435	609
435	634
435	660
435	882
435	921
435	950
435	1043
435	1046
435	1172
435	1244
435	1249
435	1362
435	1575
435	1618
435	1637
435	1660
435	1664
435	1748
435	1749
435	1868
436	727
436	946
436	1792
437	1475
437	1743
438	439
442	527
443	519
445	454
445	1363
446	469
446	495
447	469
447	495
448	487
449	734
449	887
450	527
451	734
452	486
452	1096
453	542
453	1099
453	1520
453	1542
453	1864
455	1249
456	516
456	1338
456	1727
459	774
459	1342
459	1738
463	1087
467	527
468	1105
469	492
471	829
472	686
473	525
474	611
474	954
474	1357
474	1390
477	1019
477	1119
478	651
478	701
478	902
478	942
478	970
478	1020
478	1411
478	1434
478	1643
478	1846
478	1881
482	527
483	1264
483	1696
484	486
484	1310
485	1083
486	539
486	888
486	1197
486	1773
486	1784
487	522
487	525
487	1201
487	1873
488	595
488	870
489	681
489	1104
489	1285
490	1087
490	1158
490	1851
491	1027
491	1049
492	527
492	1383
493	527
493	1176
495	527
496	1153
498	1345
505	593
505	907
505	1464
508	527
508	1818
510	742
510	993
511	709
511	785
511	1266
512	663
512	709
512	778
512	913
513	1368
513	1403
514	546
514	1333
515	571
515	1162
515	1258
516	1338
518	527
518	1425
519	823
519	845
519	1107
519	1222
519	1233
519	1831
521	656
521	1171
521	1185
521	1200
522	527
523	864
524	1457
524	1611
524	1852
525	547
525	1201
525	1245
525	1249
525	1328
525	1329
525	1330
525	1359
525	1514
525	1516
525	1618
525	1627
527	541
527	547
528	1356
528	1360
528	1365
529	1019
529	1734
534	536
534	983
534	1446
536	1381
536	1446
537	1394
541	1325
542	545
542	640
542	918
542	1099
542	1105
546	896
548	1046
548	1888
550	788
550	1118
552	802
552	931
552	1275
553	600
553	646
553	939
553	1129
554	607
554	802
554	931
554	1275
555	559
555	701
556	664
556	885
556	989
556	1616
556	1693
557	840
558	1056
558	1445
559	701
559	1166
560	561
561	610
562	1142
563	775
563	1202
563	1849
564	785
565	1030
566	1090
567	1019
567	1107
567	1196
568	657
568	692
569	774
569	787
569	952
570	1005
570	1176
571	608
571	925
571	941
572	575
572	648
572	748
572	780
572	828
572	850
572	855
572	959
572	1131
572	1150
573	898
573	1213
574	640
574	789
574	873
575	748
575	940
575	959
576	1065
577	622
577	1065
578	623
579	580
579	581
579	777
579	844
580	581
580	777
580	844
580	846
581	801
581	844
581	846
582	973
582	995
583	1039
583	1153
584	894
585	846
585	1203
586	846
586	1203
587	861
587	888
587	996
587	1017
587	1124
588	639
588	642
588	1068
591	1565
592	731
592	1198
593	1059
593	1409
594	741
594	1277
594	1281
595	870
596	883
596	1116
597	833
598	1077
599	824
601	1215
602	1044
603	1691
604	818
604	856
604	1811
605	777
605	1038
606	860
606	1181
607	690
607	802
607	1275
607	1647
607	1691
608	1746
610	658
610	1052
611	1046
612	1152
612	1158
613	964
614	1189
617	649
619	715
619	886
620	703
620	1095
620	1103
620	1160
621	714
622	1065
623	772
623	875
623	1678
623	1691
623	1711
623	1884
624	705
624	922
624	965
625	842
625	1169
627	903
628	1225
629	1208
629	1507
631	1004
632	864
633	1189
634	1091
634	1176
635	1047
635	1085
636	640
636	679
636	680
636	687
636	815
637	1044
637	1176
639	642
639	1068
640	679
640	680
640	687
640	782
640	789
640	873
640	918
640	1036
640	1099
640	1111
640	1112
640	1177
641	952
643	1084
645	721
645	1655
645	1656
645	1875
646	939
648	780
650	882
650	1220
651	916
651	1020
651	1035
651	1076
654	931
655	688
656	1196
656	1704
657	738
657	874
658	1052
660	778
660	1537
661	865
663	709
663	1155
664	898
664	989
665	819
665	1120
666	931
667	892
667	893
668	1057
668	1126
669	864
670	1814
671	685
672	683
672	1021
673	818
673	856
673	1811
674	681
676	781
677	909
678	1062
679	680
679	789
679	1036
679	1177
680	782
680	789
680	1036
680	1177
681	718
681	976
681	1089
682	896
684	965
684	978
684	1071
686	1114
686	1284
686	1375
687	789
688	700
688	910
688	1228
689	728
690	1153
690	1733
690	1814
690	1821
691	864
691	1126
693	751
694	952
696	952
697	708
699	864
700	1228
701	942
701	958
701	1025
701	1503
701	1732
702	1351
702	1694
703	704
703	737
703	822
703	1095
703	1103
703	1160
704	1095
706	803
707	754
708	939
709	839
709	913
709	1174
709	1223
710	1100
711	785
711	788
711	791
712	1022
713	893
715	862
715	972
715	1011
715	1207
716	1001
717	724
717	1003
717	1127
718	937
719	818
719	1224
720	1167
721	833
722	952
723	926
724	725
724	1003
725	1003
726	1077
727	774
727	943
727	944
727	1887
729	932
729	1048
730	813
730	914
730	973
730	1045
731	740
732	871
733	736
733	895
734	955
734	1039
735	843
735	1711
737	866
737	1103
737	1160
738	874
738	928
738	1844
739	785
739	800
739	1141
741	1268
741	1277
742	1746
742	1747
743	932
743	1048
744	815
745	747
745	1717
746	800
747	1717
748	780
748	926
749	750
749	878
750	878
750	1608
752	1057
753	1091
754	899
755	1039
756	1164
756	1462
756	1555
757	1001
757	1016
758	975
759	913
760	818
761	1022
762	815
762	962
762	988
762	1034
763	880
764	913
765	931
765	1132
766	931
766	1096
766	1505
767	931
767	987
767	1096
767	1594
768	800
769	879
769	1110
769	1122
769	1195
771	1077
772	1678
773	1180
774	787
774	943
774	1151
775	832
775	1072
776	1092
776	1093
777	1038
778	800
779	899
779	975
780	828
780	850
782	873
783	916
784	815
784	1007
785	791
785	897
785	936
785	1059
785	1065
785	1088
785	1115
785	1232
786	1019
786	1189
787	943
787	1117
787	1887
788	1098
788	1118
789	918
789	1596
790	864
792	983
792	1516
793	928
794	864
794	945
795	953
795	1072
795	1117
796	797
796	928
796	1334
797	928
797	1143
798	948
799	1013
800	838
800	839
800	876
800	986
800	1015
800	1128
800	1179
802	931
802	1121
802	1275
804	1040
805	1129
806	1047
806	1048
806	1072
807	1096
807	1106
807	1139
808	930
810	933
810	934
810	935
811	895
811	1014
814	931
814	1801
815	905
816	929
816	1141
817	820
817	1062
817	1135
817	1140
818	856
818	857
818	957
818	1031
818	1190
818	1192
818	1229
818	1230
820	1135
822	1095
822	1103
822	1186
822	1221
823	831
824	957
824	1539
825	885
825	916
826	952
827	1152
827	1189
828	926
829	1691
830	1725
834	1039
834	1836
835	1083
835	1199
837	864
838	1827
840	1078
841	936
842	1013
843	869
844	1047
845	1158
846	1203
847	907
847	1097
847	1214
848	947
849	1039
849	1126
849	1133
850	926
851	937
851	996
851	1125
852	936
852	1865
853	936
854	1158
854	1189
854	1190
854	1194
855	1131
856	857
856	1398
857	1811
859	1057
860	1173
861	996
861	1017
861	1039
861	1063
862	1083
863	971
864	945
864	1068
867	1066
871	985
871	1028
871	1029
871	1227
873	918
874	1022
875	1153
875	1867
876	1214
876	1463
876	1521
876	1574
878	1367
878	1608
879	1464
881	1803
882	1220
883	909
883	1101
883	1168
884	937
884	1057
885	989
885	1298
885	1339
885	1616
885	1688
886	919
886	1823
887	937
887	1631
888	996
889	1593
889	1822
890	1031
890	1071
890	1506
890	1586
890	1722
891	1072
892	893
892	1027
893	1027
894	895
894	924
894	1080
896	906
896	968
898	979
898	989
899	989
899	1021
899	1050
899	1114
900	1012
901	1081
902	1113
902	1120
902	1124
902	1589
906	1113
907	974
908	925
908	941
909	1116
909	1633
911	1541
911	1634
912	952
913	1232
914	917
915	1051
915	1053
915	1054
919	1136
921	1710
923	952
927	1136
927	1772
929	1605
930	1095
931	987
931	997
931	1094
931	1106
931	1153
932	1399
936	961
936	1023
936	1058
937	1033
937	1057
937	1125
938	1033
941	1711
942	958
942	1016
943	944
944	1151
946	1073
946	1075
949	1048
950	1176
950	1866
951	1600
951	1612
952	1178
952	1182
953	1151
953	1157
957	1521
958	1025
960	963
960	1563
960	1655
960	1656
960	1685
960	1754
960	1788
962	1878
963	1213
964	1081
965	1006
965	1077
965	1734
966	1128
967	1066
969	980
970	1210
970	1643
972	1108
973	1888
975	979
975	989
975	1050
985	1358
990	1053
990	1067
992	995
993	1746
994	1083
996	1163
997	1801
998	1070
998	1266
999	1083
1000	1121
1007	1009
1008	1077
1010	1105
1015	1187
1016	1025
1018	1209
1019	1077
1019	1189
1019	1458
1019	1677
1021	1114
1022	1026
1025	1166
1027	1049
1027	1146
1028	1029
1033	1629
1034	1420
1036	1099
1037	1039
1038	1048
1038	1443
1039	1063
1039	1064
1041	1095
1042	1069
1043	1172
1044	1123
1045	1219
1048	1072
1048	1510
1048	1672
1048	1708
1051	1054
1051	1067
1053	1054
1053	1067
1055	1219
1056	1445
1057	1126
1057	1175
1061	1074
1068	1238
1068	1689
1068	1787
1070	1464
1071	1224
1072	1117
1073	1075
1083	1086
1083	1137
1087	1158
1087	1189
1092	1093
1095	1109
1095	1186
1095	1216
1095	1221
1096	1181
1097	1541
1098	1118
1099	1177
1101	1116
1102	1104
1103	1136
1103	1160
1104	1138
1105	1206
1106	1139
1106	1431
1106	1505
1110	1625
1113	1227
1116	1163
1116	1312
1116	1313
1116	1633
1116	1867
1119	1196
1121	1153
1121	1691
1122	1464
1126	1554
1129	1130
1129	1134
1130	1134
1131	1150
1134	1217
1134	1218
1139	1197
1139	1228
1144	1621
1144	1679
1144	1811
1144	1813
1145	1189
1148	1202
1151	1887
1152	1158
1153	1312
1153	1313
1153	1647
1153	1681
1153	1691
1153	1733
1153	1821
1156	1186
1156	1456
1156	1820
1158	1189
1162	1205
1162	1282
1168	1245
1171	1196
1172	1345
1172	1660
1172	1770
1178	1182
1183	1184
1185	1196
1186	1221
1188	1694
1191	1231
1192	1229
1195	1253
1195	1255
1195	1366
1195	1387
1195	1521
1195	1569
1195	1621
1196	1200
1197	1810
1208	1211
1208	1319
1208	1507
1208	1752
1210	1227
1211	1507
1213	1497
1213	1685
1213	1800
1214	1521
1214	1576
1214	1646
1217	1218
1229	1230
1233	1297
1234	1713
1235	1535
1236	1435
1237	1521
1238	1512
1238	1698
1238	1786
1239	1527
1243	1318
1245	1819
1246	1684
1247	1546
1248	1742
1248	1880
1249	1817
1250	1254
1251	1572
1252	1572
1253	1621
1256	1604
1256	1636
1257	1450
1258	1425
1259	1279
1259	1856
1260	1635
1261	1545
1262	1721
1263	1625
1265	1452
1266	1543
1267	1404
1267	1405
1267	1419
1268	1277
1268	1281
1269	1347
1270	1592
1271	1587
1273	1547
1274	1454
1274	1803
1275	1647
1276	1278
1276	1668
1278	1427
1278	1455
1280	1793
1282	1855
1283	1736
1284	1382
1285	1832
1286	1379
1286	1461
1286	1478
1286	1553
1287	1417
1287	1421
1289	1290
1289	1293
1290	1293
1290	1625
1291	1650
1292	1343
1293	1625
1294	1662
1294	1755
1295	1876
1295	1886
1296	1876
1296	1886
1299	1829
1300	1301
1300	1393
1301	1393
1302	1732
1303	1515
1304	1337
1306	1311
1306	1614
1307	1314
1307	1486
1307	1598
1307	1731
1309	1766
1310	1696
1310	1851
1312	1313
1312	1867
1314	1486
1314	1585
1315	1475
1316	1583
1318	1681
1319	1645
1320	1746
1321	1406
1322	1352
1323	1334
1323	1702
1323	1780
1324	1827
1326	1708
1328	1329
1328	1330
1328	1340
1329	1330
1329	1340
1330	1340
1331	1340
1331	1573
1332	1695
1333	1842
1335	1336
1337	1668
1338	1503
1338	1527
1339	1476
1341	1818
1342	1783
1344	1869
1345	1460
1345	1511
1345	1649
1345	1657
1345	1686
1345	1737
1345	1795
1345	1854
1346	1359
1348	1522
1349	1395
1349	1744
1350	1673
1351	1694
1351	1697
1354	1357
1354	1481
1355	1493
1355	1544
1356	1365
1357	1481
1357	1488
1358	1586
1358	1675
1358	1827
1359	1425
1360	1853
1362	1746
1363	1595
1364	1604
1368	1403
1369	1757
1370	1784
1375	1552
1376	1765
1377	1574
1378	1765
1379	1751
1381	1464
1383	1633
1384	1824
1385	1442
1385	1540
1385	1605
1385	1646
1386	1735
1388	1825
1389	1709
1391	1680
1391	1848
1391	1877
1392	1507
1392	1551
1392	1752
1394	1541
1395	1739
1396	1458
1397	1544
1397	1661
1399	1629
1399	1718
1401	1674
1402	1467
1403	1776
1404	1405
1404	1469
1404	1564
1405	1469
1407	1410
1407	1756
1408	1482
1410	1756
1411	1434
1411	1643
1413	1423
1413	1507
1413	1551
1415	1527
1415	1835
1416	1663
1417	1421
1418	1429
1418	1466
1418	1619
1420	1869
1423	1507
1423	1551
1424	1494
1426	1507
1426	1659
1426	1879
1427	1668
1428	1826
1429	1619
1430	1881
1431	1505
1432	1878
1434	1643
1437	1777
1438	1475
1439	1479
1441	1603
1441	1682
1443	1448
1445	1549
1445	1719
1446	1558
1447	1844
1448	1451
1449	1741
1451	1866
1453	1555
1456	1820
1458	1726
1459	1815
1460	1511
1460	1649
1461	1753
1462	1555
1463	1521
1463	1576
1470	1471
1470	1509
1472	1857
1473	1625
1475	1743
1477	1529
1479	1600
1480	1794
1481	1488
1484	1704
1485	1548
1487	1731
1489	1630
1489	1694
1489	1807
1490	1730
1491	1711
1493	1539
1493	1544
1494	1624
1494	1801
1499	1687
1499	1753
1500	1526
1502	1680
1503	1527
1504	1531
1504	1533
1504	1536
1505	1631
1507	1551
1507	1882
1508	1720
1511	1854
1512	1698
1513	1517
1516	1646
1518	1689
1519	1878
1520	1542
1521	1544
1521	1568
1521	1569
1521	1574
1521	1644
1522	1770
1523	1526
1523	1775
1523	1800
1525	1796
1527	1835
1528	1672
1530	1610
1531	1532
1531	1533
1531	1536
1532	1533
1532	1536
1532	1648
1533	1536
1533	1648
1537	1581
1544	1576
1544	1661
1546	1559
1546	1560
1546	1609
1549	1843
1550	1644
1550	1876
1550	1886
1554	1691
1556	1856
1561	1584
1563	1685
1563	1750
1563	1754
1566	1578
1566	1883
1571	1810
1574	1576
1575	1748
1577	1699
1577	1774
1578	1883
1579	1760
1582	1586
1586	1827
1587	1798
1588	1589
1596	1662
1596	1767
1597	1759
1603	1808
1606	1801
1607	1707
1608	1804
1611	1852
1612	1827
1613	1730
1614	1753
1615	1745
1615	1746
1615	1747
1616	1688
1621	1811
1621	1813
1622	1880
1623	1625
1624	1801
1625	1638
1626	1660
1627	1798
1628	1816
1629	1705
1629	1869
1631	1796
1632	1888
1635	1872
1639	1643
1639	1712
1642	1761
1645	1752
1648	1860
1649	1714
1649	1795
1650	1796
1653	1738
1654	1672
1654	1738
1655	1656
1655	1685
1655	1750
1656	1750
1656	1754
1657	1686
1657	1854
1658	1690
1658	1746
1658	1747
1662	1755
1662	1787
1664	1746
1664	1868
1667	1695
1669	1858
1670	1789
1671	1678
1676	1799
1679	1885
1681	1864
1683	1859
1687	1753
1690	1746
1690	1747
1691	1830
1691	1850
1692	1805
1693	1726
1694	1697
1694	1740
1695	1807
1696	1841
1697	1807
1722	1839
1724	1728
1725	1778
1731	1840
1733	1821
1742	1880
1745	1746
1745	1747
1746	1747
1746	1749
1751	1823
1755	1785
1758	1769
1762	1767
1764	1874
1768	1791
1771	1831
1773	1865
1797	1870
1802	1834
1809	1861
1809	1875
1812	1833
1818	1828
1827	1884
1829	1849
1838	1845
1841	1851
