2.148875005332439 3.1379129524774076 1.6237037944077133 1.1231225840101142 1.281070684612512 0.21801064060713637 0.8195855975953857 0.7672405203022995 0.2948537671507885 1.009120690464747 1.2589964736085242 0.5084118631957499 2.4695322392330286 2.355355434508943 3.200428821601694 1.2780060248079155 1.1421077664596233 2.67701498654286 1.2119439726301 1.9418341304557842 
3.1379129524774076 0.5394310963283676 2.5531063852312004 2.7196858898812293 1.1549355137989235 1.2807404323384584 1.3801472520985354 0.33729754517937094 1.5368660245486159 0.577721843632864 3.8751716375475933 0.771055805582002 0.5335366464494818 1.089343660279805 2.87338883680209 0.7534843935727508 2.177695374781031 1.994576203526401 0.7781945483884057 1.4519496942562076 
1.6237037944077133 2.5531063852312004 1.4584244845999326 1.8063617156095861 2.0626287416885525 0.41212284690132495 2.9652860697395447 2.015441287358575 0.9725637279277886 1.4903393488595138 6.093529779432859 2.4752931007608874 1.6929781284899639 1.7809006781806787 2.13977494208567 0.1839022483955336 3.757639584029883 0.8973400388265811 1.3135183128545826 1.0293195394705978 
1.1231225840101142 2.7196858898812293 1.8063617156095861 0.3930292405129008 1.157182470665394 1.6526797411203316 3.2870256642084885 3.9123260686303416 1.0112063017010116 1.5975581671356587 1.1368138307302915 2.34156517946331 3.7274843570678726 2.611690214947883 1.6569706028631446 0.8169348136275575 1.7758690907474963 0.7298147730312885 2.11492306347814 0.5424580197135374 
1.281070684612512 1.1549355137989235 2.0626287416885525 1.157182470665394 1.4807339085064162 3.912898738940313 3.6629580572190243 0.07563700820874308 1.3651441844211694 1.0083941451923724 0.7014008403156793 2.728745074769962 2.6472323872456345 3.3723547382401335 0.7554918623643322 1.7226505282343738 2.6314044256590803 0.2985802380944622 1.773994842392724 2.510957246791829 
0.21801064060713637 1.2807404323384584 0.41212284690132495 1.6526797411203316 3.912898738940313 0.6406653562562449 0.9852810039892457 7.1593053062291645 0.5231103136471015 1.8488509754859574 1.716609231980439 5.167304788735681 1.3305138237557939 3.167502541192343 1.1467587138917603 4.140778026398255 0.7077938217620875 3.503424081690834 0.5804300479746134 2.5029574780513277 
0.8195855975953857 1.3801472520985354 2.9652860697395447 3.2870256642084885 3.6629580572190243 0.9852810039892457 0.8990324328063894 0.313662004342655 1.4684869255585442 2.331584616581103 1.898408662899292 1.236276535065754 1.1212067574454376 1.9961572286940616 2.6216473119082484 0.6346923749825562 2.916229910183503 3.2128680331345496 9.414604725940638 0.6583621787725921 
0.7672405203022995 0.33729754517937094 2.015441287358575 3.9123260686303416 0.07563700820874308 7.1593053062291645 0.313662004342655 1.1838521344991304 2.3251851601238647 2.9788508299210887 2.0168942119541677 2.511151102324618 1.0937117591806205 2.885312958895118 1.4442915019448068 2.077429191518933 1.900678240265555 5.815922369834274 0.7043174082746115 2.593784246494301 
0.2948537671507885 1.5368660245486159 0.9725637279277886 1.0112063017010116 1.3651441844211694 0.5231103136471015 1.4684869255585442 2.3251851601238647 0.7303443391511748 0.8623039201954511 1.7333698464670493 0.2505826825020202 0.5498658098936806 2.0276368932096815 4.817841169759337 0.28824022954661144 5.6714808094264155 0.8552431702449688 3.1552327539965552 3.9484124836579366 
1.009120690464747 0.577721843632864 1.4903393488595138 1.5975581671356587 1.0083941451923724 1.8488509754859574 2.331584616581103 2.9788508299210887 0.8623039201954511 2.419866960277374 0.7461510011114723 3.2102377913690052 4.319201790537924 2.0401345111989695 0.4373988947437374 1.8476742640930488 1.8183775240728357 1.716533410132795 0.7293325280514589 3.11303250598398 
1.2589964736085242 3.8751716375475933 6.093529779432859 1.1368138307302915 0.7014008403156793 1.716609231980439 1.898408662899292 2.0168942119541677 1.7333698464670493 0.7461510011114723 0.9233734251019237 2.4026370018492385 0.6954432462596555 0.25860727102246717 2.573706287547118 1.8996458519196504 1.7298934100758951 0.28246409788964155 0.6679167075694631 0.20330816522813489 
0.5084118631957499 0.771055805582002 2.4752931007608874 2.34156517946331 2.728745074769962 5.167304788735681 1.236276535065754 2.511151102324618 0.2505826825020202 3.2102377913690052 2.4026370018492385 0.6630525432123819 1.4075101593579955 2.508299709506339 2.9447917340860927 1.6896478107801727 2.226855931451624 1.396484597503928 0.3444945679347714 1.2411920197439987 
2.4695322392330286 0.5335366464494818 1.6929781284899639 3.7274843570678726 2.6472323872456345 1.3305138237557939 1.1212067574454376 1.0937117591806205 0.5498658098936806 4.319201790537924 0.6954432462596555 1.4075101593579955 1.2156876266909595 1.5636983495395635 0.849795998402801 4.399608103779624 1.0877211495892964 1.355133961859561 2.6302521610032548 0.8489755565096041 
2.355355434508943 1.089343660279805 1.7809006781806787 2.611690214947883 3.3723547382401335 3.167502541192343 1.9961572286940616 2.885312958895118 2.0276368932096815 2.0401345111989695 0.25860727102246717 2.508299709506339 1.5636983495395635 2.3173269184609984 4.417428729065058 1.1728206794217702 1.373216945624178 1.235670106503421 3.0813245622995167 1.2738424305040925 
3.200428821601694 2.87338883680209 2.13977494208567 1.6569706028631446 0.7554918623643322 1.1467587138917603 2.6216473119082484 1.4442915019448068 4.817841169759337 0.4373988947437374 2.573706287547118 2.9447917340860927 0.849795998402801 4.417428729065058 4.008749775232662 6.779101154176052 0.28815308178575494 0.3474409420715584 1.350915734429566 3.858179059891965 
1.2780060248079155 0.7534843935727508 0.1839022483955336 0.8169348136275575 1.7226505282343738 4.140778026398255 0.6346923749825562 2.077429191518933 0.28824022954661144 1.8476742640930488 1.8996458519196504 1.6896478107801727 4.399608103779624 1.1728206794217702 6.779101154176052 1.1752286869479671 2.1925127546754393 3.0434752070466367 2.5429853934037867 3.843688634282474 
1.1421077664596233 2.177695374781031 3.757639584029883 1.7758690907474963 2.6314044256590803 0.7077938217620875 2.916229910183503 1.900678240265555 5.6714808094264155 1.8183775240728357 1.7298934100758951 2.226855931451624 1.0877211495892964 1.373216945624178 0.28815308178575494 2.1925127546754393 0.9929562977489336 3.1803218485002724 1.4852359321163557 3.2018228390270203 
2.67701498654286 1.994576203526401 0.8973400388265811 0.7298147730312885 0.2985802380944622 3.503424081690834 3.2128680331345496 5.815922369834274 0.8552431702449688 1.716533410132795 0.28246409788964155 1.396484597503928 1.355133961859561 1.235670106503421 0.3474409420715584 3.0434752070466367 3.1803218485002724 1.6552266071506136 1.3990701745856342 4.871765317253848 
1.2119439726301 0.7781945483884057 1.3135183128545826 2.11492306347814 1.773994842392724 0.5804300479746134 9.414604725940638 0.7043174082746115 3.1552327539965552 0.7293325280514589 0.6679167075694631 0.3444945679347714 2.6302521610032548 3.0813245622995167 1.350915734429566 2.5429853934037867 1.4852359321163557 1.3990701745856342 1.3046955248489431 2.0714285651734237 
1.9418341304557842 1.4519496942562076 1.0293195394705978 0.5424580197135374 2.510957246791829 2.5029574780513277 0.6583621787725921 2.593784246494301 3.9484124836579366 3.11303250598398 0.20330816522813489 1.2411920197439987 0.8489755565096041 1.2738424305040925 3.858179059891965 3.843688634282474 3.2018228390270203 4.871765317253848 2.0714285651734237 0.9112699653092514 
0.005691118161941736
8.208375861260676E-8
0.3710925129584281
9.412933752122791E-18
0.08806349000468737
1.298619332868982E-6
0.2932778001426353
0.08486631398852047
0.004492249508232467
2.5401263279370373E-8
0.1291565837571155
8.515647543058864E-10
3.92116864222623E-4
2.665246197498373E-4
1.818383761374538E-10
2.729126884751246E-15
0.008430786138305835
1.8048865978085462E-6
0.012132160216818517
0.0021351316149836813
