1.065217391304348 2.0 2.0 9.480230050323508 2.0 0.6274509803921569 1.774936061381074 2.0 1.1176470588235294 1.5245901639344261 2.0 2.0 2.0 3.392156862745098 2.0 2.0 2.0 2.0 1.295375435106912 0.7060367454068242 
2.0 2.0 2.0 2.0 2.0 2.0 2.0 2.0 2.0 2.0 2.0 2.0 2.0 2.0 2.0 2.0 2.0 2.0 2.0 2.0 
2.0 2.0 2.0 2.0 2.0 2.0 2.0 2.0 2.0 2.0 2.0 2.0 2.0 2.0 2.0 2.0 2.0 2.0 2.0 2.0 
9.480230050323508 2.0 2.0 0.9120100083402836 2.0 1.8937700706486833 3.6864625599409813 2.0 0.8347701149425287 2.8502994011976046 2.0 2.0 2.0 1.5057471264367817 0.8571428571428571 2.0 2.0 2.0 2.9586614173228347 0.32992617830777965 
2.0 2.0 2.0 2.0 2.0 2.0 2.0 2.0 2.0 2.0 2.0 2.0 2.0 2.0 2.0 2.0 2.0 2.0 2.0 2.0 
0.6274509803921569 2.0 2.0 1.8937700706486833 2.0 0.9331602855288773 0.6814645308924485 2.0 1.188612099644128 1.7091988130563798 2.0 2.0 2.0 1.6797153024911031 0.19298245614035087 2.0 2.0 2.0 6.108554677089811 2.048379520901832 
1.774936061381074 2.0 2.0 3.6864625599409813 2.0 0.6814645308924485 1.5202156334231807 2.0 1.3622448979591837 2.697872340425532 2.0 2.0 2.0 1.403061224489796 2.5 2.0 2.0 2.0 2.0549744897959186 0.07687120701281187 
2.0 2.0 2.0 2.0 2.0 2.0 2.0 2.0 2.0 2.0 2.0 2.0 2.0 2.0 2.0 2.0 2.0 2.0 2.0 2.0 
1.1176470588235294 2.0 2.0 0.8347701149425287 2.0 1.188612099644128 1.3622448979591837 2.0 2.0 1.1290322580645162 2.0 2.0 2.0 0.46153846153846156 3.1666666666666665 2.0 2.0 2.0 1.625248508946322 0.7958115183246073 
1.5245901639344261 2.0 2.0 2.8502994011976046 2.0 1.7091988130563798 2.697872340425532 2.0 1.1290322580645162 0.9375 2.0 2.0 2.0 5.612903225806452 2.5714285714285716 2.0 2.0 2.0 3.757249378624689 1.8995633187772927 
2.0 2.0 2.0 2.0 2.0 2.0 2.0 2.0 2.0 2.0 2.0 2.0 2.0 2.0 2.0 2.0 2.0 2.0 2.0 2.0 
2.0 2.0 2.0 2.0 2.0 2.0 2.0 2.0 2.0 2.0 2.0 2.0 2.0 2.0 2.0 2.0 2.0 2.0 2.0 2.0 
2.0 2.0 2.0 2.0 2.0 2.0 2.0 2.0 2.0 2.0 2.0 2.0 2.0 2.0 2.0 2.0 2.0 2.0 2.0 2.0 
3.392156862745098 2.0 2.0 1.5057471264367817 2.0 1.6797153024911031 1.403061224489796 2.0 0.46153846153846156 5.612903225806452 2.0 2.0 2.0 0.6363636363636364 2.8333333333333335 2.0 2.0 2.0 0.9552683896620279 2.350785340314136 
2.0 2.0 2.0 0.8571428571428571 2.0 0.19298245614035087 2.5 2.0 3.1666666666666665 2.5714285714285716 2.0 2.0 2.0 2.8333333333333335 2.0 2.0 2.0 2.0 1.0396039603960396 2.6153846153846154 
2.0 2.0 2.0 2.0 2.0 2.0 2.0 2.0 2.0 2.0 2.0 2.0 2.0 2.0 2.0 2.0 2.0 2.0 2.0 2.0 
2.0 2.0 2.0 2.0 2.0 2.0 2.0 2.0 2.0 2.0 2.0 2.0 2.0 2.0 2.0 2.0 2.0 2.0 2.0 2.0 
2.0 2.0 2.0 2.0 2.0 2.0 2.0 2.0 2.0 2.0 2.0 2.0 2.0 2.0 2.0 2.0 2.0 2.0 2.0 2.0 
1.295375435106912 2.0 2.0 2.9586614173228347 2.0 6.108554677089811 2.0549744897959186 2.0 1.625248508946322 3.757249378624689 2.0 2.0 2.0 0.9552683896620279 1.0396039603960396 2.0 2.0 2.0 1.4583354061986966 2.061526377798141 
0.7060367454068242 2.0 2.0 0.32992617830777965 2.0 2.048379520901832 0.07687120701281187 2.0 0.7958115183246073 1.8995633187772927 2.0 2.0 2.0 2.350785340314136 2.6153846153846154 2.0 2.0 2.0 2.061526377798141 1.1775568181818181 
0.020119521912350596
1.9920318725099602E-4
1.9920318725099602E-4
0.27709163346613547
1.9920318725099602E-4
0.11175298804780877
0.07788844621513945
1.9920318725099602E-4
0.010159362549800797
0.012151394422310757
1.9920318725099602E-4
1.9920318725099602E-4
1.9920318725099602E-4
0.010159362549800797
0.0021912350597609563
1.9920318725099602E-4
1.9920318725099602E-4
1.9920318725099602E-4
0.400597609561753
0.07589641434262949
