569 453 452 451 802 801 800 799 798 797 796 795 794 793 792 791 868 867 866 865 864 863 862 527 146 411 410 408 407 406 405 120 565 564 563 1557 1556 1555 1554 1553 1552 1551 1550 1549 1548 1547 1546 1545 1544 1543 1542 1541 1540 1062 1061 1060 1059 1057 1056 1055 1054 1053 1052 1051 886 885 884 883 882 881 880 879 878 877 875 874 873 872 871 870 869 85 876 571 86 1103 1102 1101 1100 1099 1098 1097 1096 1095 1094 1093 1092 297 295 294 233 1302 1301 1300 1299 935 242 727 450 230 296 75 570 234 1058 164 562 561 560 559 558 557 556 555 554 553 552 551 284 283 292 291 290 289 288 287 286 285 197 1462 1461 1460 1459 1458 1457 1456 1379 1399 1398 1397 1396 1395 1394 1393 1392 1391 1390 1389 1487 1486 1485 1484 1483 1482 1481 113 1378 1377 1376 1375 1374 1373 1372 235 1380 20 282 281 280 279 278 277 276 275 274 273 271 270 269 268 15 272 30 409 187 964 963 962 961 960 959 958 957 956 955 49 449 448 447 445 914 913 912 911 910 909 908 907 906 905 904 514 513 512 511 510 509 508 517 516 515 227 507 424 423 422 421 1311 1310 1309 1308 1307 1306 1305 1304 1303 203 342 151 420 193 454 419 417 416 205 1347 1346 1345 1344 1343 138 1388 1387 1386 1385 1384 1383 1382 1381 67 415 225 418 76 444 1034 1033 1032 1031 1030 1029 1028 1027 1026 954 953 952 951 950 949 948 947 946 945 944 943 621 903 902 901 900 200 438 437 773 772 771 770 769 768 767 766 765 764 763 762 761 153 436 435 434 433 432 431 430 428 83 429 404 403 401 74 1222 1221 1220 1219 1218 1217 1216 1215 1214 1213 1107 1106 1104 219 1105 57 402 65 622 177 443 442 441 440 439 175 446 0 
346 1 
2 
3 
340 339 338 337 336 4 
649 648 647 646 645 644 643 5 
6 
7 
590 589 588 587 586 8 
324 323 322 321 9 
10 
11 
642 641 640 639 638 637 636 635 634 633 12 
1606 1605 1447 1446 1445 1444 1443 1442 1440 130 1441 13 
715 14 
808 48 807 16 
17 
18 
19 
21 
22 
23 
24 
526 525 524 523 522 521 520 25 
26 
931 930 27 
28 
1337 29 
1264 31 
32 
33 
34 
1224 1223 35 
36 
255 37 
38 
39 
1261 40 
692 691 41 
1149 1148 1147 1146 42 
1478 1477 1476 1475 1474 1473 1472 1471 1470 1469 1468 1467 1466 1465 1464 1463 43 
44 
45 
46 
47 
1025 1024 50 
51 
52 
1288 1287 1286 1285 1284 1283 1282 53 
54 
55 
56 
58 
1528 1527 59 
1612 1611 1610 60 
61 
1534 1533 62 
63 
366 365 364 363 362 361 360 359 358 357 356 355 354 353 352 351 350 349 64 
66 
68 
69 
1145 1144 1143 1512 1511 1510 1509 1508 1507 1506 1505 1504 1503 1502 1501 1500 77 1142 1141 1140 1139 1138 1137 1136 1135 70 
71 
976 975 974 973 972 971 970 72 
822 821 73 
1572 1571 78 
1526 1525 1524 1523 1522 79 
80 
1350 1349 1348 81 
82 
84 
87 
1318 1317 1316 1315 1314 1313 1312 1520 1519 176 658 88 
89 
90 
91 
92 
856 855 854 853 852 851 850 849 848 847 1410 1409 1408 1407 1406 1405 1404 1403 1402 1401 1400 1436 1435 1434 1433 1432 1431 1430 1429 1428 1427 1426 1425 1424 1423 1422 1421 1420 123 890 889 887 216 888 246 846 845 844 843 842 841 840 839 838 837 836 737 735 734 116 736 93 
760 759 758 94 
1113 1112 1111 1110 1109 1108 335 334 333 332 331 329 328 327 326 325 198 330 95 
502 501 500 499 498 497 496 495 494 493 492 491 490 489 488 487 486 485 484 483 96 
97 
1480 98 
1499 1498 1497 1496 1495 1494 1493 1492 1491 1490 1489 1488 782 781 780 779 778 777 776 1180 1179 384 383 382 381 380 379 378 377 376 374 373 372 371 370 369 368 182 375 125 775 101 774 99 
1455 1454 1453 1452 1451 1450 1449 1448 100 
1090 1089 1088 1087 1086 1085 1084 1083 1082 1081 1080 1079 1078 1077 1076 1075 1074 102 
103 
104 
105 
835 834 833 832 831 830 829 828 827 826 825 824 823 106 
899 898 107 
1151 1150 108 
713 757 756 755 754 753 752 751 750 749 748 747 746 745 744 743 742 741 740 739 738 231 712 711 710 709 1518 1517 714 141 708 707 109 
1419 110 
293 111 
112 
267 266 265 264 263 262 261 260 259 258 257 256 114 
1371 1370 1369 1368 1367 1366 1365 1364 1363 1362 1361 1360 1359 1358 1357 1356 1355 1354 1353 1352 1351 706 704 703 702 701 700 699 698 697 696 695 694 693 190 705 115 
367 117 
118 
1173 1172 1171 119 
611 610 609 608 607 606 605 604 603 602 601 600 599 598 597 596 595 594 593 592 591 121 
122 
612 124 
126 
127 
128 
129 
1342 1341 1340 1339 1338 131 
320 319 318 317 316 315 314 313 312 311 310 309 308 307 306 132 
133 
585 584 583 582 581 580 579 578 577 576 575 574 573 572 134 
1259 1258 1257 1256 1255 1254 1253 1252 1251 135 
136 
806 805 804 803 137 
298 139 
140 
142 
143 
144 
145 
783 147 
148 
929 928 927 926 925 924 923 922 921 920 919 918 917 149 
150 
152 
504 503 154 
1175 1174 155 
156 
1170 1169 1168 157 
158 
159 
160 
161 
162 
427 426 425 163 
165 
166 
1530 1529 167 
1603 1602 1601 1600 1599 1598 1597 1596 1595 1594 168 
1134 1133 1132 169 
400 399 398 397 396 395 394 393 392 391 390 389 388 387 386 385 170 
171 
172 
1235 1234 1233 1232 1231 1230 1229 1228 1227 1226 1225 173 
1516 1515 1514 174 
178 
1539 1538 1537 1536 1535 179 
180 
181 
183 
184 
1604 185 
186 
188 
189 
191 
1091 192 
1322 1321 1320 1319 194 
412 195 
196 
199 
1479 201 
1212 1211 202 
785 784 204 
206 
207 
208 
897 896 895 894 893 892 891 209 
1418 1417 1416 1415 1414 1413 1412 1411 210 
211 
631 212 
213 
1178 1177 1176 214 
472 471 470 469 468 467 466 465 464 463 462 461 460 459 458 457 456 455 215 
506 505 217 
218 
651 650 220 
221 
222 
223 
224 
226 
549 548 547 546 545 544 543 542 541 540 539 538 537 536 535 228 
229 
232 
568 567 566 236 
237 
238 
239 
1521 240 
982 981 980 979 978 977 482 241 
243 
244 
414 413 245 
689 688 687 686 685 684 247 
248 
249 
250 
1570 1569 1568 1567 1566 1565 1564 1563 1562 1561 1560 1559 1558 251 
252 
253 
254 
299 
300 
301 
302 
303 
304 
305 
341 
343 
344 
345 
347 
348 
473 
474 
475 
476 
477 
478 
479 
480 
481 
518 
519 
528 
529 
530 
531 
532 
533 
534 
550 
613 
614 
615 
616 
617 
618 
619 
620 
623 
624 
625 
626 
627 
628 
629 
630 
632 
652 
653 
654 
655 
656 
657 
659 
660 
661 
662 
663 
664 
665 
666 
667 
668 
669 
670 
671 
672 
673 
674 
675 
676 
677 
678 
679 
680 
681 
682 
683 
690 
716 
717 
718 
719 
720 
721 
722 
723 
724 
725 
726 
728 
729 
730 
731 
732 
733 
786 
787 
788 
789 
790 
809 
810 
811 
812 
813 
814 
815 
816 
817 
818 
819 
820 
857 
858 
859 
860 
861 
915 
916 
932 
933 
934 
936 
937 
938 
939 
940 
941 
942 
965 
966 
967 
968 
969 
983 
984 
985 
986 
987 
988 
989 
990 
991 
992 
993 
994 
995 
996 
997 
998 
999 
1000 
1001 
1002 
1003 
1004 
1005 
1006 
1007 
1008 
1009 
1010 
1011 
1012 
1013 
1014 
1015 
1016 
1017 
1018 
1019 
1020 
1021 
1022 
1023 
1035 
1036 
1037 
1038 
1039 
1040 
1041 
1042 
1043 
1044 
1045 
1046 
1047 
1048 
1049 
1050 
1063 
1064 
1065 
1066 
1067 
1068 
1069 
1070 
1071 
1072 
1073 
1114 
1115 
1116 
1117 
1118 
1119 
1120 
1121 
1122 
1123 
1124 
1125 
1126 
1127 
1128 
1129 
1130 
1131 
1152 
1153 
1154 
1155 
1156 
1157 
1158 
1159 
1160 
1161 
1162 
1163 
1164 
1165 
1166 
1167 
1181 
1182 
1183 
1184 
1185 
1186 
1187 
1188 
1189 
1190 
1191 
1192 
1193 
1194 
1195 
1196 
1197 
1198 
1199 
1200 
1201 
1202 
1203 
1204 
1205 
1206 
1207 
1208 
1209 
1210 
1236 
1237 
1238 
1239 
1240 
1241 
1242 
1243 
1244 
1245 
1246 
1247 
1248 
1249 
1250 
1260 
1262 
1263 
1265 
1266 
1267 
1268 
1269 
1270 
1271 
1272 
1273 
1274 
1275 
1276 
1277 
1278 
1279 
1280 
1281 
1289 
1290 
1291 
1292 
1293 
1294 
1295 
1296 
1297 
1298 
1323 
1324 
1325 
1326 
1327 
1328 
1329 
1330 
1331 
1332 
1333 
1334 
1335 
1336 
1437 
1438 
1439 
1513 
1531 
1532 
1573 
1574 
1575 
1576 
1577 
1578 
1579 
1580 
1581 
1582 
1583 
1584 
1585 
1586 
1587 
1588 
1589 
1590 
1591 
1592 
1593 
1607 
1608 
1609 
1613 
1614 
