0	446
0	569
1	346
4	336
4	337
4	338
4	339
4	340
5	643
5	644
5	645
5	646
5	647
5	648
5	649
8	586
8	587
8	588
8	589
8	590
9	321
9	322
9	323
9	324
12	633
12	634
12	635
12	636
12	637
12	638
12	639
12	640
12	641
12	642
13	1441
13	1605
13	1606
14	715
15	268
15	269
15	270
15	271
15	272
15	273
15	274
15	275
15	276
15	277
15	278
15	279
15	280
15	281
15	282
15	283
15	284
16	807
20	282
20	1380
20	1456
20	1457
20	1458
20	1459
20	1460
20	1461
20	1462
25	520
25	521
25	522
25	523
25	524
25	525
25	526
27	930
27	931
29	1337
30	272
30	409
30	551
30	552
30	553
30	554
30	555
30	556
30	557
30	558
30	559
30	560
30	561
30	562
30	563
30	564
30	565
31	1264
35	1223
35	1224
37	255
40	1261
41	691
41	692
42	1146
42	1147
42	1148
42	1149
43	1463
43	1464
43	1465
43	1466
43	1467
43	1468
43	1469
43	1470
43	1471
43	1472
43	1473
43	1474
43	1475
43	1476
43	1477
43	1478
48	807
48	808
49	449
49	955
49	956
49	957
49	958
49	959
49	960
49	961
49	962
49	963
49	964
50	1024
50	1025
53	1282
53	1283
53	1284
53	1285
53	1286
53	1287
53	1288
57	402
57	1105
57	1213
57	1214
57	1215
57	1216
57	1217
57	1218
57	1219
57	1220
57	1221
57	1222
59	1527
59	1528
60	1610
60	1611
60	1612
62	1533
62	1534
64	349
64	350
64	351
64	352
64	353
64	354
64	355
64	356
64	357
64	358
64	359
64	360
64	361
64	362
64	363
64	364
64	365
64	366
65	402
65	429
65	621
65	622
65	943
65	944
65	945
65	946
65	947
65	948
65	949
65	950
65	951
65	952
65	953
65	954
67	415
67	1381
67	1382
67	1383
67	1384
67	1385
67	1386
67	1387
67	1388
70	1135
70	1136
70	1137
70	1138
70	1139
70	1140
70	1141
70	1142
70	1143
70	1144
70	1145
72	970
72	971
72	972
72	973
72	974
72	975
72	976
73	821
73	822
74	401
74	402
74	403
74	404
75	296
75	570
75	1092
75	1093
75	1094
75	1095
75	1096
75	1097
75	1098
75	1099
75	1100
75	1101
75	1102
75	1103
76	418
76	444
76	454
76	904
76	905
76	906
76	907
76	908
76	909
76	910
76	911
76	912
76	913
76	914
77	1142
77	1500
77	1501
77	1502
77	1503
77	1504
77	1505
77	1506
77	1507
77	1508
77	1509
77	1510
77	1511
77	1512
78	1571
78	1572
79	1522
79	1523
79	1524
79	1525
79	1526
81	1348
81	1349
81	1350
83	428
83	429
83	430
83	431
83	432
83	433
83	434
83	435
83	436
83	437
83	438
85	869
85	870
85	871
85	872
85	873
85	874
85	875
85	876
85	877
85	878
85	879
85	880
85	881
85	882
85	883
85	884
85	885
85	886
86	570
86	571
88	658
88	1312
88	1313
88	1314
88	1315
88	1316
88	1317
88	1318
93	736
93	836
93	837
93	838
93	839
93	840
93	841
93	842
93	843
93	844
93	845
93	846
93	847
93	848
93	849
93	850
93	851
93	852
93	853
93	854
93	855
93	856
94	758
94	759
94	760
95	330
95	1108
95	1109
95	1110
95	1111
95	1112
95	1113
96	483
96	484
96	485
96	486
96	487
96	488
96	489
96	490
96	491
96	492
96	493
96	494
96	495
96	496
96	497
96	498
96	499
96	500
96	501
96	502
98	1480
99	774
99	1488
99	1489
99	1490
99	1491
99	1492
99	1493
99	1494
99	1495
99	1496
99	1497
99	1498
99	1499
100	1448
100	1449
100	1450
100	1451
100	1452
100	1453
100	1454
100	1455
101	774
101	775
101	776
101	777
101	778
101	779
101	780
101	781
101	782
102	1074
102	1075
102	1076
102	1077
102	1078
102	1079
102	1080
102	1081
102	1082
102	1083
102	1084
102	1085
102	1086
102	1087
102	1088
102	1089
102	1090
106	823
106	824
106	825
106	826
106	827
106	828
106	829
106	830
106	831
106	832
106	833
106	834
106	835
107	898
107	899
108	1150
108	1151
109	707
109	708
109	709
109	710
109	711
109	712
109	713
109	714
110	1419
111	293
113	1378
113	1481
113	1482
113	1483
113	1484
113	1485
113	1486
113	1487
114	256
114	257
114	258
114	259
114	260
114	261
114	262
114	263
114	264
114	265
114	266
114	267
115	705
115	1351
115	1352
115	1353
115	1354
115	1355
115	1356
115	1357
115	1358
115	1359
115	1360
115	1361
115	1362
115	1363
115	1364
115	1365
115	1366
115	1367
115	1368
115	1369
115	1370
115	1371
116	734
116	735
116	736
116	737
117	367
119	1171
119	1172
119	1173
120	405
120	406
120	407
120	408
120	409
120	410
120	411
121	591
121	592
121	593
121	594
121	595
121	596
121	597
121	598
121	599
121	600
121	601
121	602
121	603
121	604
121	605
121	606
121	607
121	608
121	609
121	610
121	611
123	890
123	1420
123	1421
123	1422
123	1423
123	1424
123	1425
123	1426
123	1427
123	1428
123	1429
123	1430
123	1431
123	1432
123	1433
123	1434
123	1435
123	1436
124	612
125	375
125	775
125	1179
125	1180
130	1440
130	1441
130	1442
130	1443
130	1444
130	1445
130	1446
130	1447
131	1338
131	1339
131	1340
131	1341
131	1342
132	306
132	307
132	308
132	309
132	310
132	311
132	312
132	313
132	314
132	315
132	316
132	317
132	318
132	319
132	320
134	572
134	573
134	574
134	575
134	576
134	577
134	578
134	579
134	580
134	581
134	582
134	583
134	584
134	585
135	1251
135	1252
135	1253
135	1254
135	1255
135	1256
135	1257
135	1258
135	1259
137	803
137	804
137	805
137	806
138	415
138	1343
138	1344
138	1345
138	1346
138	1347
139	298
141	708
141	714
141	1517
141	1518
146	409
146	527
146	862
146	863
146	864
146	865
146	866
146	867
146	868
147	783
149	917
149	918
149	919
149	920
149	921
149	922
149	923
149	924
149	925
149	926
149	927
149	928
149	929
151	342
151	420
151	421
151	422
151	423
151	424
153	436
153	761
153	762
153	763
153	764
153	765
153	766
153	767
153	768
153	769
153	770
153	771
153	772
153	773
154	503
154	504
155	1174
155	1175
157	1168
157	1169
157	1170
163	425
163	426
163	427
164	562
164	1058
164	1540
164	1541
164	1542
164	1543
164	1544
164	1545
164	1546
164	1547
164	1548
164	1549
164	1550
164	1551
164	1552
164	1553
164	1554
164	1555
164	1556
164	1557
167	1529
167	1530
168	1594
168	1595
168	1596
168	1597
168	1598
168	1599
168	1600
168	1601
168	1602
168	1603
169	1132
169	1133
169	1134
170	385
170	386
170	387
170	388
170	389
170	390
170	391
170	392
170	393
170	394
170	395
170	396
170	397
170	398
170	399
170	400
173	1225
173	1226
173	1227
173	1228
173	1229
173	1230
173	1231
173	1232
173	1233
173	1234
173	1235
174	1514
174	1515
174	1516
175	439
175	440
175	441
175	442
175	443
175	444
175	445
175	446
175	447
175	448
175	449
175	450
175	451
175	452
175	453
175	454
176	658
176	1519
176	1520
177	443
177	622
177	1026
177	1027
177	1028
177	1029
177	1030
177	1031
177	1032
177	1033
177	1034
179	1535
179	1536
179	1537
179	1538
179	1539
182	368
182	369
182	370
182	371
182	372
182	373
182	374
182	375
182	376
182	377
182	378
182	379
182	380
182	381
182	382
182	383
182	384
185	1604
187	409
187	449
187	791
187	792
187	793
187	794
187	795
187	796
187	797
187	798
187	799
187	800
187	801
187	802
190	693
190	694
190	695
190	696
190	697
190	698
190	699
190	700
190	701
190	702
190	703
190	704
190	705
190	706
192	1091
193	420
193	454
193	507
193	508
193	509
193	510
193	511
193	512
193	513
193	514
194	1319
194	1320
194	1321
194	1322
195	412
197	282
197	285
197	286
197	287
197	288
197	289
197	290
197	291
197	292
198	325
198	326
198	327
198	328
198	329
198	330
198	331
198	332
198	333
198	334
198	335
200	429
200	900
200	901
200	902
200	903
201	1479
202	1211
202	1212
203	342
203	1303
203	1304
203	1305
203	1306
203	1307
203	1308
203	1309
203	1310
203	1311
204	784
204	785
205	415
209	891
209	892
209	893
209	894
209	895
209	896
209	897
210	1411
210	1412
210	1413
210	1414
210	1415
210	1416
210	1417
210	1418
212	631
214	1176
214	1177
214	1178
215	455
215	456
215	457
215	458
215	459
215	460
215	461
215	462
215	463
215	464
215	465
215	466
215	467
215	468
215	469
215	470
215	471
215	472
216	887
216	888
216	889
216	890
217	505
217	506
219	1104
219	1105
219	1106
219	1107
220	650
220	651
225	415
225	416
225	417
225	418
225	419
227	507
227	515
227	516
227	517
228	535
228	536
228	537
228	538
228	539
228	540
228	541
228	542
228	543
228	544
228	545
228	546
228	547
228	548
228	549
230	296
230	450
230	727
231	712
231	738
231	739
231	740
231	741
231	742
231	743
231	744
231	745
231	746
231	747
231	748
231	749
231	750
231	751
231	752
231	753
231	754
231	755
231	756
231	757
233	294
233	295
233	296
233	297
234	570
234	876
234	1051
234	1052
234	1053
234	1054
234	1055
234	1056
234	1057
234	1058
234	1059
234	1060
234	1061
234	1062
235	1372
235	1373
235	1374
235	1375
235	1376
235	1377
235	1378
235	1379
235	1380
236	566
236	567
236	568
240	1521
241	482
241	977
241	978
241	979
241	980
241	981
241	982
242	727
242	935
242	1299
242	1300
242	1301
242	1302
245	413
245	414
246	846
246	888
246	890
246	1400
246	1401
246	1402
246	1403
246	1404
246	1405
246	1406
246	1407
246	1408
246	1409
246	1410
247	684
247	685
247	686
247	687
247	688
247	689
251	1558
251	1559
251	1560
251	1561
251	1562
251	1563
251	1564
251	1565
251	1566
251	1567
251	1568
251	1569
251	1570
1487	1389
1487	1390
1487	1391
1487	1392
1487	1393
1487	1394
1487	1395
1487	1396
1487	1397
1487	1398
1487	1399
