0	1	1
0	4	1
0	3	1
0	6	1
1	2	1
1	4	1
1	5	1
1	6	1
1	7	1
2	3	1
2	4	1
2	7	1
2	13	1
3	5	1
3	6	1
3	7	1
4	6	1
4	7	1
4	9	1
5	7	1
6	7	1
7	8	1
7	9	1
9	23	1
10	11	1
10	14	1
10	17	1
11	12	1
11	13	1
11	15	1
12	14	1
12	15	1
13	14	1
13	16	1
14	15	1
14	18	1
15	19	1
15	33	1
16	19	1
17	18	1
17	19	1
18	19	1
18	21	1
19	20	1
19	23	1
20	21	1
20	23	1
20	24	1
21	23	1
21	24	1
21	25	1
21	28	1
22	24	1
22	25	1
22	26	1
22	39	1
23	24	1
23	27	1
24	25	1
24	27	1
24	26	1
24	28	1
25	28	1
26	28	1
28	29	1
30	32	1
30	34	1
30	33	1
31	32	1
31	38	1
31	36	1
32	33	1
32	34	1
32	35	1
32	36	1
32	37	1
32	39	1
33	36	1
33	37	1
33	38	1
34	35	1
34	37	1
34	38	1
34	39	1
35	36	1
35	38	1
35	39	1
36	37	1
36	45	1
37	38	1
37	39	1
38	39	1
40	42	1
40	43	1
40	44	1
41	43	1
41	44	1
41	47	1
42	43	1
42	44	1
42	45	1
42	46	1
42	47	1
43	44	1
43	47	1
43	45	1
43	49	1
44	46	1
44	48	1
44	49	1
45	46	1
45	48	1
46	47	1
46	48	1
46	49	1
47	48	1
47	49	1
48	49	1
